01000100
01100101
01100001
01110010
00100000
01010011
01100001
01101110
01110100
01100001
00101100
00001010
00001010
01001001
00100000
01101000
01100001
01110110
01100101
00100000
01100010
01100101
01100101
01101110
00100000
01110010
01100101
01100001
01101100
01101100
01111001
00100000
01101110
01101001
01100011
01100101
00100000
01110100
01101000
01101001
01110011
00100000
01111001
01100101
01100001
01110010
00101110
00100000
01000110
01101001
01111000
01100101
01100100
00100000
01100001
00100000
01101100
01101111
01110100
00100000
01101111
01100110
00100000
01100010
01110101
01100111
01110011
00101100
00100000
01100001
01101110
01100100
00100000
01100001
01101100
01110111
01100001
01111001
01110011
00100000
01110111
01110010
01101111
01110100
01100101
00100000
01100001
01101100
01101100
00100000
01101101
01111001
00100000
01110100
01100101
01110011
01110100
01110011
00101110
00100000
01000001
01101100
01110011
01101111
00101100
00100000
01001001
00100000
01100100
01101001
01100100
01101110
00100111
01110100
00100000
01100100
01100101
01110000
01101100
01101111
01111001
00100000
01101111
01101110
00100000
01000110
01110010
01101001
01100100
01100001
01111001
01110011
00101110
00001010
00001010
01001001
00100000
01100101
01110110
01100101
01101110
00100000
01100110
01101001
01101110
01101001
01110011
01101000
01100101
01100100
00100000
01100001
00100000
01110011
01101001
01100100
01100101
00100000
01110000
01110010
01101111
01101010
01100101
01100011
01110100
00100000
01110100
01101000
01101001
01110011
00100000
01111001
01100101
01100001
01110010
00100001
00001010
01000010
01110101
01110100
00100000
01101110
01101111
01110111
00100000
01001001
00100000
01100001
01101101
00100000
01101101
01101001
01110011
01110011
01101001
01101110
01100111
00100000
01100001
00100000
01100100
01101111
01101101
01100001
01101001
01101110
00100000
01100110
01101111
01110010
00100000
01101001
01110100
00101110
00001010
00001010
01010011
01101111
00100000
01101101
01111001
00100000
01110111
01101001
01110011
01101000
00100000
01100110
01101111
01110010
00100000
01110100
01101000
01101001
01110011
00100000
01000011
01101000
01110010
01101001
01110011
01110100
01101101
01100001
01110011
00100000
01101001
01110011
00100000
01100001
00100000
01100010
01100101
01100001
01110101
01110100
01101001
01100110
01110101
01101100
00100000
01100100
01101111
01101101
01100001
01101001
01101110
00100000
01100110
01101111
01110010
00100000
01101101
01111001
00100000
01110000
01110010
01101111
01101010
01100101
01100011
01110100
00100000
01100001
01101110
01100100
00100000
01110011
01101111
01101101
01100101
00100000
01101000
01101111
01110011
01110100
01101001
01101110
01100111
00100000
01110100
01101000
01100001
01110100
00100000
01100011
01101111
01101101
01100101
01110011
00100000
01110111
01101001
01110100
01101000
00100000
01101001
01110100
00101110
00001010
00001010
01001101
01100101
01110010
01110010
01111001
00100000
01000011
01101000
01110010
01101001
01110011
01110100
01101101
01100001
01110011
00100001
00001010
01001100
01101001
01110100
01110100
01101100
01100101
00100000
01001010
01101001
01101101
01101101
01111001
